videosDir=C:\Users\blackbox\Documents\GitHub\MVLDV-viewer\Data TEST 2
colorStreamName=layerColor.avi
depthStreamName=layerDepth.rvl
normalStreamName=layerNormal.h264
vidWidth=512
vidHeight=424
numLayers=3
0=-0.35982;-0.0623721;-0.930935;2.8427;0.017013;0.997159;-0.0733849;1.50794;0.932867;-0.0422433;-0.357736;1.84606;0;0;0;1
1=0.935565;-0.00165105;0.353151;-1.16561;0.00211955;0.999997;-0.00093992;1.51194;-0.353148;0.00162788;0.935566;-3.84089;0;0;0;1
2=-0.352491;-0.0245129;0.935494;-4.027;-0.0399906;0.999138;0.0111123;1.4032;-0.93496;-0.033494;-0.353167;1.131;0;0;0;1
3=-0.35982;-0.0623721;-0.930935;2.8427;0.017013;0.997159;-0.0733849;1.50794;0.932867;-0.0422433;-0.357736;1.84606;0;0;0;1
4=0.935565;-0.00165105;0.353151;-1.16561;0.00211955;0.999997;-0.00093992;1.51194;-0.353148;0.00162788;0.935566;-3.84089;0;0;0;1
5=-0.352491;-0.0245129;0.935494;-4.027;-0.0399906;0.999138;0.0111123;1.4032;-0.93496;-0.033494;-0.353167;1.131;0;0;0;1
